 MATRIZ A
  -1.0000000000000000      -0.33333333333333331      -0.20000000000000001      -0.14285714285714285      -0.11111111111111110       -9.0909090909090912E-002  -7.6923076923076927E-002  -6.6666666666666666E-002  -5.8823529411764705E-002  -5.2631578947368418E-002
   1.0000000000000000       -1.0000000000000000      -0.33333333333333331      -0.20000000000000001      -0.14285714285714285      -0.11111111111111110       -9.0909090909090912E-002  -7.6923076923076927E-002  -6.6666666666666666E-002  -5.8823529411764705E-002
  0.33333333333333331        1.0000000000000000       -1.0000000000000000      -0.33333333333333331      -0.20000000000000001      -0.14285714285714285      -0.11111111111111110       -9.0909090909090912E-002  -7.6923076923076927E-002  -6.6666666666666666E-002
  0.20000000000000001       0.33333333333333331        1.0000000000000000       -1.0000000000000000      -0.33333333333333331      -0.20000000000000001      -0.14285714285714285      -0.11111111111111110       -9.0909090909090912E-002  -7.6923076923076927E-002
  0.14285714285714285       0.20000000000000001       0.33333333333333331        1.0000000000000000       -1.0000000000000000      -0.33333333333333331      -0.20000000000000001      -0.14285714285714285      -0.11111111111111110       -9.0909090909090912E-002
  0.11111111111111110       0.14285714285714285       0.20000000000000001       0.33333333333333331        1.0000000000000000       -1.0000000000000000      -0.33333333333333331      -0.20000000000000001      -0.14285714285714285      -0.11111111111111110     
   9.0909090909090912E-002  0.11111111111111110       0.14285714285714285       0.20000000000000001       0.33333333333333331        1.0000000000000000       -1.0000000000000000      -0.33333333333333331      -0.20000000000000001      -0.14285714285714285     
   7.6923076923076927E-002   9.0909090909090912E-002  0.11111111111111110       0.14285714285714285       0.20000000000000001       0.33333333333333331        1.0000000000000000       -1.0000000000000000      -0.33333333333333331      -0.20000000000000001     
   6.6666666666666666E-002   7.6923076923076927E-002   9.0909090909090912E-002  0.11111111111111110       0.14285714285714285       0.20000000000000001       0.33333333333333331        1.0000000000000000       -1.0000000000000000      -0.33333333333333331     
   5.8823529411764705E-002   6.6666666666666666E-002   7.6923076923076927E-002   9.0909090909090912E-002  0.11111111111111110       0.14285714285714285       0.20000000000000001       0.33333333333333331        1.0000000000000000       -1.0000000000000000     
 VECTOR B
   7.0000000000000000     
   26.000000000000000     
   25.666666666666664     
   67.000000000000000     
   70.657142857142873     
   92.174603174603178     
   73.662337662337677     
   106.93706293706296     
   115.12634032634033     
   110.75244755244756     
 resultado
   4.6084979223087430     
  -2.8945944132283330     
   12.623951006680729     
  -12.006846461445086     
  -7.5219005439430591     
  -25.336511721834533     
  -3.8331856392323989     
  -26.797108221799149     
  -41.189785259775810     
  -72.386403386481106     
 COMPROBAR RESULTADO
   8.8817841970012523E-016
  -3.5527136788005009E-015
   0.0000000000000000     
  -1.4210854715202004E-014
   0.0000000000000000     
   0.0000000000000000     
   0.0000000000000000     
   0.0000000000000000     
   0.0000000000000000     
   0.0000000000000000     


