 Matriz
   2.0000000000000000        4.0000000000000000        6.0000000000000000        18.000000000000000     
   4.0000000000000000        5.0000000000000000        6.0000000000000000        24.000000000000000     
   3.0000000000000000        1.0000000000000000       -2.0000000000000000        4.0000000000000000     




 MATRIZ DIAGONALIZADA
   2.0000000000000000        4.0000000000000000        6.0000000000000000        18.000000000000000     
   0.0000000000000000       -3.0000000000000000       -6.0000000000000000       -12.000000000000000     
   0.0000000000000000        0.0000000000000000       -1.0000000000000000       -3.0000000000000000     


 resultado
   4.0000000000000000     
  -2.0000000000000000     
   3.0000000000000000     


 COMPROBAR RESULTADO
   0.0000000000000000     
   0.0000000000000000     
   0.0000000000000000     


